0.2112991424
 0.2107910073
 0.2099468295
 0.2087706571
 0.2072681125
 0.2054463468
 0.2033139839
 0.2008810520
 0.1981589053
 0.1951601355
 0.1918984753
 0.1883886934
 0.1846464831
 0.1806883462
 0.1765314718
 0.1721936127
 0.1676929597
 0.1630480160
 0.1582774715
 0.1534000798
 0.1484345375
 0.1433993683
 0.1383128115
 0.1331927166
 0.1280564450
 0.1229207784
 0.1178018359
 0.1127149993
 0.1076748469
 0.1026950970
 0.0977885604
 0.0929671018
 0.0882416110
 0.0836219828
 0.0791171055
 0.0747348583
 0.0704821166
 0.0663647643
 0.0623877138
 0.0585549323
 0.0548694733
 0.0513335141
 0.0479483975
 0.0447146766
 0.0416321643
 0.0386999834
 0.0359166205
 0.0332799795
 0.0307874365
 0.0284358953
 0.0262218410
 0.0241413943
 0.0221903634
 0.0203642949
 0.0186585219
 0.0170682106
 0.0155884037
 0.0142140616
 0.0129401001
 0.0117614260
 0.0106729682
 0.0096697078
 0.0087467030
 0.0078991127
 0.0071222159
 0.0064114293
 0.0057623213
 0.0051706243
 0.0046322437
 0.0041432649
 0.0036999589
 0.0032987849
 0.0029363918
 0.0026096177
 0.0023154888
 0.0020512159
 0.0018141908
 0.0016019812
 0.0014123255
 0.0012431258
 0.0010924416
 0.0009584828
 0.0008396016
 0.0007342858
 0.0006411503
 0.0005589301
 0.0004864723
 0.0004227285
 0.0003667481
 0.0003176707
 0.0002747193
 0.0002371943
 0.0002044665
 0.0001759718
 0.0001512052
 0.0001297159
 0.0001111022
 0.0000950069
 0.0000811130
 0.0000691399
 