0.1575108571
 0.1574914286
 0.1576074286
 0.1575431429
 0.1574717143
 0.1574280000
 0.1573265714
 0.1571625714
 0.1570722857
 0.1568577143
 0.1566560000
 0.1564408571
 0.1560317143
 0.1555460000
 0.1551285714
 0.1545300000
 0.1538985714
 0.1531294286
 0.1521531429
 0.1511354286
 0.1498880000
 0.1484905714
 0.1470320000
 0.1453140000
 0.1434137143
 0.1413591429
 0.1390231429
 0.1366022857
 0.1339297143
 0.1309522857
 0.1277188571
 0.1242920000
 0.1207057143
 0.1169357143
 0.1129051429
 0.1087288571
 0.1043360000
 0.0997388571
 0.0950542857
 0.0902494286
 0.0853437143
 0.0802997143
 0.0753308571
 0.0702714286
 0.0653080000
 0.0603820000
 0.0554822857
 0.0507734286
 0.0460982857
 0.0416362857
 0.0373665714
 0.0333297143
 0.0295588571
 0.0260374286
 0.0227731429
 0.0197962857
 0.0170831429
 0.0146591429
 0.0124400000
 0.0104737143
 0.0086982857
 0.0071768571
 0.0058942857
 0.0047822857
 0.0038357143
 0.0030491429
 0.0023871429
 0.0018471429
 0.0014160000
 0.0010734286
 0.0008011429
 0.0005897143
 0.0004328571
 0.0003140000
 0.0002265714
 0.0001580000
 0.0001051429
 0.0000731429
 0.0000474286
 0.0000354286
 0.0000220000
 0.0000154286
 0.0000105714
 0.0000077143
 0.0000040000
 0.0000020000
 0.0000014286
 0.0000002857
 0.0000000000
 0.0000000000
 0.0000000000
 0.0000000000
 0.0000000000
 0.0000000000
 0.0000000000
 0.0000000000
 0.0000000000
 0.0000000000
 0.0000000000
 0.0000000000
 