0.9993859720
 0.9993749540
 0.9993562107
 0.9993291554
 0.9992929322
 0.9992463799
 0.9991879831
 0.9991158084
 0.9990274234
 0.9989197953
 0.9987891669
 0.9986309035
 0.9984393095
 0.9982074070
 0.9979266747
 0.9975867393
 0.9971750189
 0.9966763130
 0.9960723402
 0.9953412252
 0.9944569413
 0.9933887193
 0.9921004415
 0.9905500430
 0.9886889548
 0.9864616279
 0.9838051868
 0.9806492669
 0.9769160946
 0.9725208679
 0.9673724943
 0.9613747303
 0.9544277538
 0.9464301782
 0.9372814920
 0.9268848762
 0.9151503219
 0.9019979371
 0.8873613063
 0.8711907472
 0.8534562945
 0.8341502455
 0.8132891118
 0.7909148475
 0.7670952597
 0.7419235498
 0.7155169819
 0.6880147228
 0.6595749444
 0.6303713162
 0.6005890467
 0.5704206475
 0.5400616036
 0.5097061242
 0.4795431347
 0.4497526472
 0.4205026150
 0.3919463465
 0.3642205198
 0.3374438092
 0.3117161051
 0.2871182875
 0.2637124964
 0.2415428268
 0.2206363737
 0.2010045468
 0.1826445782
 0.1655411527
 0.1496680937
 0.1349900521
 0.1214641489
 0.1090415388
 0.0976688632
 0.0872895774
 0.0778451388
 0.0692760504
 0.0615227614
 0.0545264288
 0.0482295456
 0.0425764479
 0.0375137099
 0.0329904393
 0.0289584849
 0.0253725686
 0.0221903521
 0.0193724497
 0.0168823967
 0.0146865816
 0.0127541506
 0.0110568910
 0.0095690987
 0.0082674359
 0.0071307823
 0.0061400842
 0.0052782030
 0.0045297673
 0.0038810280
 0.0033197199
 0.0028349296
 0.0024169710
 