1.0000000000
 1.0000000000
 1.0000000000
 1.0000000000
 1.0000000000
 1.0000000000
 1.0000000000
 1.0000000000
 1.0000000000
 1.0000000000
 1.0000000000
 1.0000000000
 1.0000000000
 1.0000000000
 1.0000000000
 1.0000000000
 1.0000000000
 1.0000000000
 1.0000000000
 1.0000000000
 1.0000000000
 1.0000000000
 1.0000000000
 1.0000000000
 0.9999800000
 0.9999800000
 0.9999800000
 0.9999800000
 0.9999800000
 0.9999600000
 0.9999100000
 0.9998700000
 0.9997800000
 0.9996700000
 0.9995000000
 0.9992700000
 0.9989500000
 0.9981800000
 0.9969900000
 0.9953700000
 0.9926100000
 0.9883300000
 0.9821800000
 0.9742000000
 0.9624500000
 0.9475800000
 0.9277100000
 0.9035200000
 0.8743500000
 0.8407800000
 0.8001000000
 0.7547800000
 0.7045100000
 0.6510400000
 0.5958700000
 0.5392600000
 0.4820500000
 0.4273600000
 0.3737300000
 0.3230900000
 0.2748700000
 0.2312000000
 0.1930000000
 0.1588900000
 0.1289500000
 0.1035100000
 0.0817600000
 0.0635300000
 0.0488700000
 0.0372200000
 0.0279100000
 0.0206000000
 0.0151600000
 0.0110000000
 0.0079600000
 0.0055700000
 0.0037100000
 0.0025800000
 0.0016700000
 0.0012400000
 0.0007700000
 0.0005400000
 0.0003700000
 0.0002700000
 0.0001400000
 0.0000700000
 0.0000500000
 0.0000100000
 0.0000000000
 0.0000000000
 0.0000000000
 0.0000000000
 0.0000000000
 0.0000000000
 0.0000000000
 0.0000000000
 0.0000000000
 0.0000000000
 0.0000000000
 0.0000000000
 